159922411
257327446
159922790
257327890
263339316
183901027
263341607
159925711
159923592
246091689
183898619
257330942
257332225
257331126
411191579
257332371
257333108
257333262
159930243
183907800
159930272
183908170
263348696
183910792
263349695
257336480
183911923
257336480
159932902
263351031
257339960
183914657
257340073
159934824
159934825
257340106
257339885
183914558
263352770
159929159
263353400
159936873
159935651
183918223
159932902
159938105
159937616
159939166
183920165
183920069
257348851
183921042
159941096
183921939
159941231
257345614
159940782
159941650
183922274
159942698
159942697
257347327
159942694
263354836
183925158
263358619
